10;98100.0;243.6861
11;105700.0;252.29765
12;113100.0;227.2884
13;125600.0;233.436
14;131700.0;228.15079
15;140900.0;251.5215
16;150200.0;245.69423
17;159300.0;245.42319
18;168600.0;246.63052
19;181100.0;232.91856
20;187400.0;215.83098
21;196200.0;236.33116
22;205500.0;221.23938
23;214700.0;230.73796
24;226200.0;237.26746
25;233200.0;230.4546
26;242600.0;247.04941
27;252100.0;209.41234
28;263400.0;208.87027
29;270300.0;230.93507
30;279800.0;240.7663
31;290400.0;213.4902
32;314800.0;242.10915
33;309300.0;215.26427
34;357300.0;222.42207
35;363200.0;226.3521
36;335000.0;215.31354
37;415400.0;208.72243
38;478800.0;237.82185
39;364800.0;219.97043
40;371900.0;211.16176
41;381500.0;214.93163
42;392300.0;219.6994
43;399700.0;223.21054
44;410900.0;239.92854
45;418800.0;213.40396
46;429000.0;222.60687
47;436700.0;218.18405
48;446100.0;230.0111
49;457300.0;205.97511
50;464100.0;239.60823
51;474900.0;219.44067
52;482900.0;227.32536
53;493700.0;205.05113
54;501200.0;211.62991
55;512200.0;226.70938
56;525000.0;223.16127
57;531300.0;214.24171
58;540000.0;227.5348
59;547300.0;222.23727
60;559000.0;202.75964
61;566300.0;214.99323
62;576900.0;202.6118
63;584400.0;201.55229
64;595700.0;206.46791
65;604300.0;224.06061
66;613000.0;220.31538
67;738400.0;227.2268
68;634400.0;223.01343
69;640000.0;211.53136
70;654700.0;203.63435
71;660000.0;209.7573
72;673100.0;210.73056
73;678800.0;220.8821
74;687800.0;204.94025
75;695300.0;224.5534
76;709200.0;221.35025
77;716000.0;209.73267
78;726300.0;208.99347
79;732600.0;203.88074
80;743200.0;212.77565
81;753300.0;216.07736
82;761800.0;219.16965
83;769400.0;210.2624
84;778400.0;231.90834
85;789600.0;217.29703
86;798700.0;228.53271
87;818300.0;230.10965
88;877200.0;229.40741
89;824800.0;226.37674
90;834000.0;213.34236
91;845000.0;217.71591
92;854300.0;206.35703
93;863100.0;223.64174
94;873500.0;190.20573
95;884200.0;221.64594
96;891000.0;216.08969
97;908600.0;215.26427
98;907500.0;223.44463
99;919300.0;224.25774
100;928700.0;226.68474
101;937300.0;219.67476
102;948100.0;219.90883
103;955700.0;218.66454
104;974400.0;225.05852
105;974100.0;219.04645
106;1065200.0;208.37747
107;1114100.0;212.96045
108;1084700.0;217.1492
109;1012100.0;216.2252
110;1024300.0;214.68523
111;1029200.0;223.76494
112;1038600.0;212.68942
113;1047700.0;207.81076
114;1058300.0;204.38586
115;1066600.0;205.7164
116;1075200.0;209.15363
117;1085800.0;193.61833
118;1107800.0;208.73476
119;1103700.0;200.98558
120;1334900.0;217.78983
121;1229300.0;209.64642
122;1131000.0;210.64433
123;1154600.0;223.6171
124;1267500.0;221.41185
125;1201500.0;230.36836
126;1167600.0;190.69853
127;1177800.0;205.6548
128;1187400.0;206.04903
129;1195300.0;208.42676
130;1214700.0;226.38905
131;1215600.0;204.57065
132;1223200.0;219.79796
133;1583400.0;218.91093
134;1249100.0;223.8635
135;1254500.0;218.98485
136;1266100.0;218.49205
137;1273200.0;209.84354
138;1281700.0;219.30516
139;1291900.0;216.42232
140;1299300.0;221.17778
141;1706000.0;217.69127
142;1319000.0;209.74498
143;1326700.0;205.13736
144;1498000.0;184.4647
145;1352700.0;210.18849
146;1356300.0;230.8242
147;1366400.0;205.4084
148;1374500.0;209.89282
149;1387100.0;219.6378
150;1390400.0;219.12036
151;1400200.0;229.16103
152;1436200.0;225.62523
153;1418900.0;211.72847
154;1431200.0;219.12036
155;1441100.0;218.67685
156;1544000.0;212.23358
157;1456500.0;219.87187
158;1470300.0;201.10878
159;1475300.0;212.31982
160;1486200.0;195.50327
161;1495700.0;216.39769
162;1517400.0;210.79216
163;1512500.0;211.27264
164;1528100.0;198.31218
165;1530500.0;195.88518
166;1672300.0;215.01787
167;1552700.0;211.83936
168;1559700.0;215.6708
169;1571300.0;213.04669
170;1576700.0;204.84169
171;1590100.0;199.23618
172;1608200.0;220.16756
173;1607200.0;204.09018
174;1618500.0;217.42023
175;1626800.0;211.53136
176;1737100.0;202.1806
177;1643000.0;217.22311
178;1653900.0;207.68758
179;1672300.0;210.73056
180;1672600.0;215.04251
181;1694600.0;217.18616
182;1689100.0;200.25871
183;1699200.0;210.74289
184;1709100.0;222.13872
185;1880500.0;217.62967
186;1733000.0;202.37773
187;1736900.0;220.04436
188;1747900.0;210.2624
189;1767800.0;198.04115
190;1763200.0;219.52692
191;1771600.0;221.5104
192;1784900.0;215.7324
193;1793700.0;219.98276
194;1876600.0;206.29543
195;1857600.0;215.80634
196;1821600.0;202.37773
197;1832400.0;223.01343
198;1846900.0;219.13269
199;1846100.0;225.53899
200;1858600.0;219.34212
201;1866000.0;208.64851
202;2012800.0;212.24591
203;1889500.0;202.34076
204;1890900.0;212.02414
205;1914800.0;204.68153
206;1909600.0;220.15523
207;1917100.0;223.5555
208;2465500.0;218.4551
209;1940800.0;216.97672
210;2016700.0;211.38351
211;1957700.0;205.24825
212;1978500.0;206.8991
213;1971600.0;213.29309
214;1938400.0;196.72293
215;1947100.0;212.72638
216;1955800.0;219.28052
217;2010800.0;214.38956
218;2048800.0;216.05273
219;1983400.0;201.78638
220;1999400.0;191.78268
221;2001800.0;208.66084
222;2135800.0;208.67316
223;2019200.0;200.38191
224;2028500.0;218.30725
225;2038700.0;206.97302
226;2124300.0;209.99138
227;2099800.0;221.74449
228;2063500.0;209.97905
229;2072400.0;213.02205
230;2082800.0;215.32587
231;2219900.0;214.50043
232;2100500.0;215.27658
233;2766000.0;203.65898
234;2125900.0;210.45953
235;2127900.0;199.90144
236;2179300.0;219.67476
237;2146000.0;203.58507
238;2157100.0;200.62831
239;2164300.0;220.6357
240;2275800.0;216.98903
241;2326800.0;205.162
242;2190500.0;202.69804
243;2202100.0;213.00974
244;2516200.0;203.26476
245;2262900.0;220.48787
246;2227200.0;212.9358
247;2320900.0;216.8412
248;2246100.0;207.1455
249;2253800.0;204.26266
250;2263000.0;196.55045
251;2274800.0;212.46767
252;2281500.0;196.18086
253;2293300.0;209.26451
254;2413600.0;214.98091
255;2309600.0;215.23962
256;2318100.0;189.84846
257;2329600.0;195.46631
258;2334300.0;205.85191
259;2346200.0;213.31773
260;2361000.0;212.28287
261;2472200.0;203.57275
262;2414000.0;208.72243
263;2380700.0;186.25108
264;2389600.0;220.61107
265;2397700.0;226.27818
266;2450700.0;214.38956
267;2415900.0;227.60872
268;2506800.0;209.03043
269;2435100.0;204.68153
270;2445300.0;198.50931
271;2452500.0;190.41518
272;2470000.0;221.23938
273;2474000.0;196.15622
274;2615200.0;199.3224
275;2488200.0;213.95836
276;2499300.0;202.26685
277;2506200.0;194.14809
278;2525300.0;200.91167
279;2526700.0;197.77011
280;2672000.0;213.20685
281;2560100.0;213.51485
282;2564300.0;207.41653
283;2562500.0;218.38118
284;2579500.0;203.11691
285;2580000.0;208.5746
286;2936600.0;213.37933
287;2598300.0;214.63596
288;2605000.0;212.51694
289;2617100.0;201.92189
290;2699500.0;211.46976
291;2634400.0;216.43465
292;2793000.0;213.52716
293;2736900.0;217.45718
294;2659300.0;219.03412
295;2680900.0;208.68547
296;2680700.0;179.80782
297;2686300.0;208.205
298;2782400.0;204.80473
299;2707100.0;205.6548
300;2756000.0;207.0839
301;2743500.0;218.12245
302;2734200.0;208.42676
303;2860800.0;213.26845
304;2752900.0;205.45769
305;2762900.0;226.42603
306;2794500.0;199.48257
307;2779200.0;216.58247
308;2788300.0;196.47653
309;2910500.0;219.30516
310;2820000.0;216.42232
311;2824100.0;206.0244
312;2822500.0;195.33078
313;2832100.0;211.56831
314;2845400.0;206.12296
315;2936700.0;217.06296
316;2861900.0;194.54231
317;2876000.0;197.35124
318;2992100.0;214.01996
319;2887600.0;206.56647
320;2988500.0;210.05298
321;2906000.0;203.351
322;3000700.0;218.70149
323;3186800.0;193.26106
324;4409400.0;205.99976
325;3024700.0;219.67476
326;2960400.0;195.30615
327;3004400.0;207.5274
328;3054000.0;204.98953
329;2976100.0;203.76987
330;3181100.0;211.1248
331;3049200.0;208.96883
332;3002800.0;217.77751
333;3015000.0;206.2092
334;3020600.0;209.86818
335;3635900.0;215.39978
336;3048800.0;220.52483
337;3050900.0;216.7796
338;3093000.0;209.04276
339;3190700.0;209.38771
340;3076300.0;202.09438
341;3093300.0;207.0223
342;3096800.0;220.54947
343;3102300.0;199.53185
344;3184900.0;215.03018
345;3221600.0;210.6936
346;3132000.0;212.4923
347;3245700.0;205.95047
348;3147900.0;211.90096
349;3157300.0;195.34311
350;3312100.0;214.1678
351;3175200.0;213.04669
352;3197800.0;205.82727
353;3233900.0;206.97302
354;3312100.0;207.5274
355;3267800.0;211.556
356;3260300.0;209.72034
357;3259000.0;193.80313
358;3237300.0;217.51878
359;3969900.0;196.23013
360;3256100.0;190.43982
361;3279400.0;222.11407
362;3323100.0;210.55809
363;3293900.0;215.69545
364;3407300.0;211.44511
365;3418700.0;205.49464
366;3317900.0;212.41838
367;3332400.0;214.47578
368;3454500.0;211.56831
369;3471200.0;210.2008
370;3352900.0;182.75224
371;3410900.0;183.24504
372;3380600.0;210.70593
373;3974200.0;205.24825
374;4488800.0;194.85031
375;3528000.0;209.49858
376;3520000.0;205.80264
377;3527300.0;204.11482
378;3432300.0;211.40816
379;3499100.0;212.81262
380;3458400.0;204.65689
381;3553500.0;209.59714
382;3476500.0;212.41838
383;3477900.0;189.02304
384;3858700.0;208.48836
385;3506300.0;205.18665
386;3682200.0;206.97302
387;3589300.0;209.26451
388;3518100.0;208.2666
389;3532600.0;201.94653
390;3645400.0;210.55809
391;3631100.0;199.9384
392;3634900.0;205.88887
393;3657600.0;212.59087
394;3650100.0;211.0632
395;3744800.0;196.7106
396;3675200.0;195.60182
397;3702300.0;216.31145
398;3694900.0;208.48836
399;3776400.0;210.632
400;3710500.0;214.36491
401;3727800.0;202.51324
402;3727700.0;199.53185
403;3815400.0;192.13995
404;3750100.0;204.57065
405;3761400.0;188.11137
406;3773000.0;215.49834
407;3863800.0;203.52347
408;3782000.0;216.54552
409;3850600.0;215.51065
410;3802900.0;209.31378
411;3919200.0;201.60158
412;4098100.0;210.2008
413;3839500.0;209.20291
414;3845300.0;189.54047
415;3931800.0;211.21104
416;3859000.0;212.66478
417;3797200.0;208.27892
418;3734400.0;213.52716
419;4196800.0;206.84982
420;4204600.0;220.42627
421;3838800.0;199.92609
422;3738400.0;172.12024
423;3893400.0;217.86374
424;3907300.0;212.62782
425;3803900.0;193.66762
426;3805200.0;211.87631
427;3891800.0;198.84193
428;3958600.0;196.42725
429;3899900.0;207.69989
430;3957200.0;202.57484
431;4560000.0;196.11926
432;3870100.0;204.20107
433;4054300.0;196.21782
434;3953900.0;216.89047
435;3987100.0;194.1604
436;3858400.0;196.57509
437;4247500.0;215.794
438;3950700.0;188.77664
439;4367700.0;214.40187
440;3895300.0;198.50931
441;4019400.0;209.48627
442;3975700.0;205.8396
443;4098400.0;192.99002
444;4077200.0;212.31982
445;4032800.0;200.13551
446;4037600.0;201.19502
447;4197700.0;184.85893
448;4057000.0;208.9442
449;4155000.0;217.13687
450;4083700.0;201.23198
451;4281100.0;205.23593
452;4093800.0;202.63644
453;4178500.0;211.1864
454;4267300.0;214.01996
455;4123900.0;194.0372
456;4212500.0;209.44931
457;4147700.0;202.9814
458;4368300.0;217.22311
459;4157300.0;208.79636
460;4164500.0;208.46371
461;4324800.0;215.5353
462;4560500.0;199.01442
463;4195100.0;206.70198
464;4211900.0;193.56905
465;4284000.0;216.68105
466;4417300.0;199.27313
467;4480100.0;199.10065
468;4345300.0;209.72034
469;4924700.0;215.9788
470;4336500.0;198.23827
471;4278400.0;217.42023
472;4389500.0;206.55414
473;4373900.0;213.983
474;4396800.0;206.68967
475;4301200.0;208.09412
476;4312100.0;204.70618
477;4420500.0;207.9586
478;4349400.0;211.77776
479;4384500.0;208.90723
480;4470600.0;206.51718
481;4402700.0;216.81656
482;4364100.0;205.45769
483;4449400.0;199.11298
484;4476100.0;194.222
485;4629300.0;204.42282
486;4499800.0;205.56856
487;4491700.0;215.01787
488;4499700.0;206.52951
489;4427000.0;199.18689
490;4557700.0;201.9958
491;4532500.0;213.62572
492;4454100.0;201.20734
493;4468900.0;196.10693
494;4553700.0;205.85191
495;4526900.0;177.83664
496;4493200.0;205.86424
497;4505500.0;206.38167
498;4635500.0;208.67316
499;4561600.0;190.47678
500;4525900.0;212.28287
501;4645200.0;196.57509
502;4551400.0;206.44327
503;4555400.0;206.98534
504;4575700.0;210.34865
505;4908300.0;214.2294
506;4580700.0;198.13971
507;4591200.0;198.95282
508;5200900.0;208.513
509;4609500.0;209.79427
510;4733600.0;196.8338
511;4787100.0;212.3691
512;4712300.0;191.22829
513;4645200.0;219.74867
514;4733000.0;207.13318
515;4777200.0;203.90538
516;4730200.0;207.04694
517;4713900.0;199.7536
518;4825600.0;196.67365
519;4701100.0;190.3043
520;4792100.0;217.86374
521;4790400.0;212.4923
522;4766200.0;205.2236
523;4743500.0;202.27917
524;4818600.0;207.897
525;4846200.0;205.48232
526;4807600.0;219.78563
527;4774200.0;201.36751
528;5049400.0;196.62437
529;5065700.0;207.17014
530;4841600.0;214.72218
531;4906300.0;196.04533
532;4897300.0;211.16176
533;4826000.0;200.62831
534;4839400.0;204.68153
535;4955200.0;193.84009
536;4867000.0;203.51115
537;4902000.0;209.33842
538;4963700.0;208.06949
539;5003500.0;204.2873
540;4946300.0;200.64062
541;5092300.0;202.29149
542;4928500.0;204.41049
543;5031200.0;192.8545
544;5127800.0;201.13342
545;5002600.0;197.85635
546;4943800.0;204.27498
547;5169700.0;197.09253
548;4969200.0;209.11667
549;5345700.0;202.427
550;5092300.0;198.87889
551;4991400.0;200.07391
552;5038400.0;201.35518
553;5167000.0;207.04694
554;5075100.0;211.95023
555;5026800.0;202.37773
556;5131500.0;202.3654
557;5139000.0;211.22336
558;5109600.0;202.21758
559;5069900.0;197.3266
560;5259300.0;204.854
561;5083700.0;208.821
562;5133600.0;213.62572
563;5783100.0;212.81262
564;5112200.0;207.00998
565;5124900.0;197.04324
566;5444300.0;207.0223
567;5129100.0;201.55229
568;5148300.0;209.73267
569;5277700.0;202.32845
570;5155200.0;192.81755
571;5188300.0;212.70174
572;5388500.0;208.31589
573;5258000.0;203.351
574;5203500.0;208.3282
575;5346700.0;194.48071
576;5232600.0;185.88148
577;5274400.0;212.39374
578;5304100.0;203.30171
579;5303500.0;195.61414
580;5258400.0;201.57693
581;5381700.0;196.82149
582;5285600.0;204.01627
583;5286000.0;205.778
584;5370700.0;211.33424
585;5344900.0;206.34471
586;5311500.0;186.30035
587;5409000.0;203.96698
588;5675400.0;212.91118
589;5336700.0;211.85167
590;5504200.0;205.80264
591;5354500.0;192.64507
592;5458000.0;212.25822
593;5380500.0;214.18011
594;5384000.0;218.5167
595;5923200.0;202.47629
596;6148400.0;203.043
597;5522900.0;201.13342
598;5514000.0;211.83936
599;5478100.0;204.75545
600;5439700.0;186.65764
601;5555000.0;209.44931
602;5454900.0;211.02625
603;5462700.0;199.61809
604;5591600.0;207.29333
605;5563800.0;198.54626
606;5552200.0;208.91956
607;5721200.0;205.06345
608;5637300.0;199.08833
609;5727200.0;204.60762
610;5663800.0;217.39558
611;5662300.0;213.47789
612;5762800.0;203.84378
613;5685000.0;219.56387
614;5705400.0;200.20944
615;5780000.0;184.63718
616;5713800.0;212.04878
617;5844400.0;189.7992
618;5734000.0;217.87607
619;5829200.0;194.5916
620;5836100.0;214.68523
621;5762500.0;205.30984
622;5785200.0;206.27078
623;5848100.0;192.44795
624;5721500.0;202.10669
625;5872100.0;204.11482
626;5688100.0;207.35493
627;5802500.0;196.20549
628;6007800.0;199.7536
629;5787900.0;205.58089
630;5602700.0;208.43907
631;5872000.0;199.55649
632;5745600.0;203.043
633;5792000.0;206.06136
634;6040800.0;199.96304
635;5875200.0;199.76593
636;5991800.0;202.64876
637;5665700.0;212.03647
638;5820400.0;206.06136
639;5963800.0;203.15387
640;5697700.0;199.13762
641;5904000.0;216.718
642;6153900.0;202.64876
643;5910400.0;202.93211
644;5943600.0;196.04533
645;5839900.0;200.72687
646;5983700.0;205.58089
647;5960100.0;205.80264
648;6094300.0;214.46347
649;5907400.0;209.65874
650;6013000.0;207.7122
651;5920400.0;206.48022
652;5967900.0;213.16989
653;5970700.0;198.96513
654;5947400.0;212.89885
655;6007300.0;210.79216
656;5931900.0;207.94629
657;5940800.0;202.89516
658;6198600.0;198.37378
659;6444600.0;210.74289
660;6114300.0;205.30984
661;6024000.0;207.84773
662;6063100.0;202.71036
663;6060300.0;211.4944
664;6039000.0;203.26476
665;6084300.0;202.72269
666;6023900.0;212.46767
667;6095800.0;203.78218
668;6715600.0;201.74942
669;6172800.0;190.94493
670;6066700.0;197.04324
671;6136100.0;202.04509
672;6140400.0;198.42307
673;6245100.0;198.82962
674;6093700.0;206.01207
675;6214000.0;200.92398
676;6463700.0;205.08809
677;6134400.0;199.14993
678;6267500.0;205.56856
679;6187100.0;210.77985
680;6253900.0;197.83171
681;6156400.0;209.60947
682;6230400.0;195.45398
683;6325400.0;193.33498
684;6191600.0;203.69595
685;6232700.0;207.17014
686;6288600.0;182.96169
687;6258700.0;200.77615
688;6324600.0;209.12898
689;6239100.0;207.72453
690;6294200.0;207.53973
691;6517200.0;194.25896
692;6559000.0;210.21313
693;6418200.0;211.03856
694;6325500.0;213.23149
695;6286200.0;203.19084
696;6404900.0;207.84773
697;6303200.0;185.75829
698;6384700.0;207.03462
699;6355300.0;210.5088
700;6410600.0;200.76382
701;6458200.0;205.45769
702;6386600.0;217.00136
703;6445500.0;207.66293
704;6436500.0;194.76407
705;6478100.0;211.50671
706;6386300.0;203.89307
707;6428100.0;185.42564
708;6758300.0;199.91376
709;6441900.0;206.50487
710;6574600.0;210.82912
711;6497700.0;194.25896
712;6449100.0;216.80424
713;6602700.0;209.83122
714;6455500.0;193.90169
715;6653000.0;196.32869
716;6609600.0;202.26685
717;6568400.0;206.77591
718;6529600.0;198.69409
719;6505900.0;201.35518
720;6614600.0;208.821
721;6524600.0;205.29753
722;6695800.0;189.50351
723;6798700.0;193.95097
724;6610100.0;204.86633
725;6675300.0;211.1248
726;6570700.0;212.06111
727;6763400.0;208.06949
728;6657900.0;202.735
729;6668800.0;204.07787
730;6606900.0;203.80682
731;6612400.0;200.87471
732;6794300.0;192.84218
733;6639300.0;191.96747
734;6811400.0;203.79451
735;6656100.0;207.67525
736;6711300.0;191.22829
737;6764000.0;201.73709
738;6680700.0;216.5948
739;7132500.0;206.91142
740;6736900.0;198.06578
741;6861000.0;187.05186
742;6709500.0;197.2034
743;6755400.0;205.9628
744;6871700.0;202.3038
745;8194900.0;209.8189
746;6926700.0;193.69225
747;6758400.0;194.55464
748;6921100.0;197.25269
749;6862200.0;211.0632
750;6952500.0;203.4126
751;6914100.0;189.5528
752;6812200.0;221.91696
753;7201300.0;208.41444
754;6832300.0;207.897
755;6900900.0;200.62831
756;6848000.0;202.1806
757;7020500.0;213.47789
758;6856400.0;204.1641
759;6915600.0;197.17876
760;7717200.0;205.9628
761;6984500.0;204.60762
762;6969900.0;208.40211
763;6946100.0;214.11852
764;7044100.0;209.27682
765;6935100.0;196.61205
766;7098300.0;202.32845
767;6993500.0;204.50905
768;7280200.0;213.19453
769;7099000.0;201.35518
770;6968600.0;197.31429
771;7093100.0;203.27707
772;6984300.0;208.8826
773;7223800.0;206.60342
774;7011300.0;206.57878
775;7093000.0;204.27498
776;7028300.0;210.11458
777;7131200.0;213.94604
778;7049400.0;205.19896
779;7050700.0;198.25058
780;7186600.0;211.03856
781;7066900.0;201.65086
782;8125500.0;205.69176
783;7083900.0;206.99767
784;7294900.0;212.66478
785;7195800.0;208.18036
786;7186100.0;208.77171
787;7203000.0;198.41074
788;7203500.0;212.30751
789;7140500.0;206.13527
790;7241400.0;192.0414
791;7280900.0;215.5353
792;7211200.0;202.74731
793;7249600.0;198.09042
794;7287100.0;195.39238
795;7775900.0;202.25453
796;7562600.0;211.1864
797;7289800.0;200.56671
798;7378200.0;191.96747
799;7354800.0;210.15154
800;7245100.0;202.77196
801;7340000.0;209.07971
802;7304800.0;205.75336
803;7424800.0;209.51091
804;7400000.0;198.29987
805;7382500.0;216.8412
806;7302100.0;183.59
807;7576000.0;201.20734
808;7318700.0;209.43698
809;7444400.0;198.41074
810;7599400.0;205.48232
811;7492900.0;197.3266
812;7355200.0;203.53578
813;7360300.0;200.40656
814;7491400.0;176.0749
815;7418000.0;209.30147
816;7497000.0;206.60342
817;7393100.0;194.7764
818;7517600.0;208.06949
819;7500900.0;214.38956
820;7559200.0;210.04065
821;7431400.0;202.6734
822;7550400.0;203.97931
823;7493800.0;196.45189
824;7808200.0;209.32611
825;7468100.0;210.42258
826;7725000.0;204.90329
827;7484800.0;208.5746
828;7721300.0;195.93446
829;7507300.0;202.00813
830;7618600.0;199.22385
831;7595500.0;196.23013
832;7694100.0;202.32845
833;7541900.0;203.51115
834;7676500.0;202.83356
835;7558600.0;205.35912
836;7723300.0;204.66922
837;7874800.0;219.37907
838;7701000.0;206.57878
839;7589900.0;209.49858
840;7651600.0;202.5502
841;7750200.0;204.90329
842;7621600.0;207.88469
843;8387000.0;204.13947
844;7734100.0;196.7106
845;7771800.0;187.03955
846;7664600.0;195.82358
847;7788700.0;207.04694
848;7742000.0;212.3691
849;7800800.0;192.103
850;8026400.0;200.71455
851;7818500.0;205.17433
852;7832300.0;202.68571
853;7724800.0;203.21547
854;7812700.0;212.13503
855;7763600.0;188.89984
856;7814000.0;198.10275
857;7962800.0;210.33633
858;7789600.0;206.50487
859;7952000.0;198.44771
860;7810400.0;203.59738
861;7908000.0;213.16989
862;7819500.0;209.05507
863;8174400.0;206.35703
864;7839000.0;201.67549
865;7920600.0;190.76013
866;7850300.0;201.89725
867;7946600.0;204.66922
868;7943400.0;201.70013
869;7896400.0;198.10275
870;7992300.0;200.5544
871;7782700.0;194.9612
872;7925900.0;208.821
873;7844100.0;203.31403
874;7962400.0;210.22545
875;7757200.0;205.162
876;8288500.0;189.01071
877;7854800.0;201.47838
878;7998800.0;191.96747
879;7929100.0;200.57903
880;7878600.0;206.8991
881;7921400.0;194.04953
882;7933700.0;190.64926
883;8055300.0;203.25243
884;7997800.0;195.99606
885;7995300.0;209.31378
886;8030200.0;198.01651
887;7951800.0;199.96304
888;8283200.0;200.08624
889;8287000.0;195.72502
890;8029000.0;204.13947
891;8014500.0;198.82962
892;8232200.0;212.82494
893;8037700.0;197.93027
894;8411000.0;200.92398
895;8108200.0;196.40262
896;8242900.0;191.52396
897;8163000.0;204.09018
898;8363700.0;202.71036
899;8133300.0;183.94727
900;8263300.0;197.90562
901;8416900.0;205.60551
902;8239600.0;192.8545
903;8172300.0;204.2257
904;8253900.0;184.99446
905;8193300.0;194.57928
906;8297700.0;201.37982
907;8205100.0;202.84589
908;8348300.0;209.58482
909;8231900.0;206.25847
910;8345400.0;191.21597
911;8251700.0;205.70407
912;8418600.0;178.5635
913;8267900.0;203.43723
914;8775600.0;210.10225
915;8448100.0;198.98978
916;8389800.0;207.93396
917;9017700.0;207.90933
918;8326000.0;207.9586
919;8434800.0;212.33214
920;8334000.0;189.58975
921;8447400.0;196.96933
922;8354700.0;209.79427
923;8454800.0;199.61809
924;8441700.0;197.40051
925;8681900.0;192.66971
926;8717600.0;201.76173
927;8477800.0;200.08624
928;8520400.0;194.62856
929;8417000.0;198.85426
930;8590500.0;189.08464
931;8436800.0;187.98817
932;8564000.0;194.00024
933;8515700.0;184.00887
934;8541300.0;214.34027
935;8537000.0;203.20316
936;8643700.0;189.78687
937;8477900.0;204.47209
938;8884000.0;194.44376
939;8509000.0;204.54602
940;8594300.0;191.2406
941;8601500.0;199.85216
942;8557300.0;201.76173
943;8654500.0;190.07022
944;8555400.0;196.37798
945;8665500.0;191.72108
946;8567000.0;207.28102
947;8711000.0;209.25218
948;8584400.0;201.13342
949;8649900.0;188.24689
950;8869800.0;198.16435
951;9082300.0;210.48418
952;8819900.0;203.76987
953;8629900.0;192.9777
954;8733900.0;210.3856
955;8663400.0;202.84589
956;8727800.0;191.3638
957;8685500.0;199.02673
958;8764700.0;199.9384
959;8757600.0;181.84058
960;8771700.0;205.49464
961;9106800.0;204.07787
962;8725300.0;210.5088
963;8915200.0;205.93816
964;8854600.0;180.6702
965;8914100.0;207.78613
966;8777000.0;203.56042
967;8911300.0;206.60342
968;9026600.0;212.9358
969;8779100.0;196.55045
970;8967300.0;196.15622
971;8795300.0;207.897
972;8914100.0;209.80658
973;9086400.0;212.50462
974;8981900.0;195.51558
975;8838700.0;204.44745
976;8902600.0;186.11555
977;8942300.0;206.56647
978;8892300.0;202.75964
979;9006500.0;197.35124
980;8917300.0;182.14857
981;9114400.0;203.37563
982;8968900.0;202.02045
983;9080500.0;207.56438
984;9041500.0;196.74757
985;8962800.0;212.81262
986;9690600.0;200.25871
987;9013900.0;198.42307
988;9054900.0;207.28102
989;9114200.0;194.62856
990;9077700.0;187.84033
991;9176500.0;189.26944
992;9093700.0;201.50302
993;9067400.0;213.74892
994;9106900.0;197.96722
995;9482000.0;200.99791
996;9157300.0;186.53444
997;9036000.0;206.07367
998;9206600.0;190.45213
999;9071700.0;218.75076
